0.93568630321136
0.94657021449674
0.94304278127987
0.93929355049257
0.95052888835839
0.95513738115944
0.93818882973452
0.92981434912855
0.93678608436897
0.94321166777792
0.95880043506887
0.93973041948975
0.91973777955868
0.94738198471702
0.93507825208509
0.95900547723032
0.96273447810121
0.93047815273
0.95176320930317
0.95803989478275
0.93834524362343
0.96327433036161
0.95922448697026
0.95874010495537
0.96172198207915
0.94344273201763
0.94896537088007
0.94454479178431
0.93030978023347
0.94428942192487
0.94929927007041
0.92564025844031
0.94170877606449
0.95076989446374
0.93257153127067
0.94083254498538
0.93518926825925
0.96219269541588
0.94222077446284
0.93006990090825
0.94141558960225
0.95122709112307
0.93464933478899
0.94172986156512
0.94622237067746
0.94380335935651
0.94828885511086
0.93939216746559
0.76613180787585
0.95197020939111
0.94984458047186
0.95631403301582
0.95195115030062
0.94534661259809
0.94971863611209
0.93298163904881
0.94236311096416
0.94371319834568
0.93271410847784
0.94352520546471
0.93785750220569
0.94249140512131
0.93751923188391
0.94296777958048
0.7877690057467
0.78584710550047
0.94561720668067
0.92953799736611
0.94564929557131
0.94824178541377
0.86127611431855
0.84899585844844
0.84851633436745
0.94519739032448
0.86432405858701
0.93898575166999
0.8668530388134
0.94048886174729
0.93294978087602
0.93950489997289
0.93504362775501
0.94303973381801
0.93796757284376
0.95046987941072
0.92942595202071
0.93318554777483
0.92853329837781
0.94310598483037
0.93222520770562
0.94260524274568
0.93622849755686
0.93997276475002
0.93676109302798
0.91947447960866
0.94250180567301
0.94195829508986
0.94198855393738
0.94373962707037
0.93493008327557
0.9651309286044
0.9396456069281
0.96250992259775
0.96064172899428
0.944978242451
0.95077218141071
0.94574838974834
0.93508309653505
0.94828300903847
0.9468716084031
0.96713832479916
0.94182147775082
0.94626524567723
0.9394505034429
0.96736613881186
0.95806343916184
0.93773367608433
0.94012373388545
0.94163023883165
0.94556511056655
0.98049853462376
0.94032666602881
0.96652836248273
0.93791466186513
0.96574699156363
0.93732861586187
0.9576180430275
0.94389242042488
0.96069023337814
0.95774832705885
0.94696786286723
0.96173419637902
0.93770211978728
0.9613023679479
0.9602515146484
0.93406044461926
0.96063002984783
0.93706732633313
0.95907426672974
0.9207867505607
0.94434280354439
0.94067607508322
0.94217306293282
0.93651304055289
0.93707477610033
0.95443018360965
0.94022546670522
0.93577559901641
0.9617969076506
0.93658710597372
0.94478700462938
0.93627911467438
0.94353668486739
0.94601230248366
0.94284585150521
0.91438162897201
0.94692534716927
0.92134388480522
0.94407533898026
0.94155009976925
0.93684752068389
0.93662920488351
0.92533453732325
0.94329647722615
0.94463877438193
0.93888150454829
0.95120283589923
0.93760942706481
0.94898804702528
0.93700098358425
0.94982594884246
0.93375410538896
0.95142608101549
0.94384988661987
0.93900075430949
0.93441974341008
0.94180549729686
0.95467294593582
0.93647216970466
0.93861047145595
0.93850950290069
0.95996081055216
0.94705291324599
0.93840322090252
0.94254259363698
0.93935257382489
0.94677392585516
0.96169894137151
0.94243199853307
0.95612658760906
0.96218176403023
0.96267715643365
0.9556324501257
0.94352007486408
0.93393834713666
0.9342609555337
0.96234133030087
0.93741107808543
0.95470399487223
0.95900422925877
0.95954813518717
0.96239733809352
0.94894532519643
0.93048128246372
0.9484474734586
0.96503564999814
0.9484531502467
0.96092893848457
0.95957895492483
0.95878292717636
0.94637672695207
0.94203262101934
0.94127988247372
0.93253607453188
0.93297336730499
0.93217773990121
0.94315526165782
0.89028774150416
0.9057299512483
0.94609555149246
0.94494670282206
0.94607998084575
0.94514315613008
0.93219871463515
0.93703077717959
0.95893354677394
0.96017360070703
0.95258754486166
0.93868780347084
0.95275638933247
0.93856245096409
0.94982416806048
0.95469111844489
0.93027516663428
0.95324400719749
0.9434485084515
0.90054522874467
0.94608914429496
0.93911864368453
0.9390481101821
0.94154221943035
0.93947688213432
0.94767382787633
0.88356162170706
0.88274018128661
0.86475521875056
0.94535290263943
0.88412493608252
0.94325654003405
0.84742619378617
0.9262175290344
0.86179700224823
0.86966514252689
0.93898378715526
0.94052464625332
0.94495000286598
0.9425666676376
0.94516217639117
0.93610779587808
0.95271556622734
0.92161774465181
0.94004720109502
0.94762597527918
0.93710229481059
0.94231825728823
0.93763610609975
0.93447124579763
0.9399195938202
0.94210762739003
0.96638699058083
0.96105321929263
0.93823000663793
0.96398124182319
0.93686589535684
0.95010302278752
0.94475297166162
0.9536447264889
0.94447161324771
0.93882455996797
0.9388953706552
0.93707200254601
0.94117099553341
