0.99999762375354
0.99999762230172
0.99999762247177
0.99999761413203
0.9999976187801
0.99999760937532
0.99999762157324
0.99999763516577
0.99999765178083
0.99999766103854
0.99999767097732
0.99999769462826
0.99999766465156
0.9999976918353
0.99999766374363
0.99999766255161
0.99999763266946
0.99999761247262
0.99999759370305
0.99999759878799
0.99999760965068
0.99999760687383
0.99999761557723
0.9999976402891
0.99999766577409
0.99999765394401
0.99999768365381
0.99999767011463
0.999997723501
0.99999766769228
0.99999768943322
0.99999762918763
0.99999770960823
0.99999763599604
0.99999770882542
0.9999976448029
0.99999768882104
0.99999764990429
0.99999767106613
0.99999761091556
0.99999761830421
0.99999750980087
0.9999975572277
0.99999746716863
0.99999754428618
0.99999745570038
0.99999757015019
0.99999749094149
0.99999756799216
0.99999754064245
0.99999753992391
0.99999746420944
0.99999758528123
0.99999743783267
0.99999759730869
0.99999759143351
0.99999774190325
0.99999772817298
0.99999779060222
0.99999774076739
0.99999776758533
0.99999768720876
0.9999976962061
0.99999774566392
0.99999766964836
0.99999756902296
0.99999759710911
0.99999761533898
0.99999753292039
0.99999755083875
0.9999975485415
0.99999752009893
0.99999754895612
0.9999976021837
0.99999755579998
0.9999976153009
0.99999749881765
0.99999758258961
0.99999758350841
0.99999772119612
0.9999978142244
0.99999789367888
0.99999781859455
0.99999782881024
0.9999977485161
0.99999783093937
0.99999783461581
0.99999803863782
0.99999781482053
0.99999803850346
0.99999769217279
0.9999977991762
0.99999757232739
0.99999760482346
0.99999750546749
0.99999757261193
0.99999752353673
0.99999768477005
0.99999763533585
0.99999769971622
0.99999754835247
0.99999767571702
0.99999744215747
0.99999776626915
0.99999756490689
0.99999771711594
0.99999752061434
0.99999772517831
0.99999752777155
0.99999779409589
0.99999751899156
0.99999786719662
0.99999765462241
0.999997829325
0.99999753055292
0.99999760959906
0.99999714704934
0.99999719850319
0.99999703520141
0.99999733598659
0.9999975361649
0.99999758222308
0.9999976349354
0.99999767888564
0.99999749976429
0.99999772133552
0.99999755074203
0.99999784413512
0.99999765357251
0.99999792736633
0.9999975459673
0.99999786953476
0.99999761863416
0.99999791085364
0.9999975903106
0.99999783402551
0.9999975927049
0.99999799845029
0.99999760434615
0.99999782471584
0.99999744064326
0.99999767164941
0.9999972939636
0.99999778115874
0.99999745505347
0.99999779047172
0.99999736507816
0.99999774248236
0.9999972885425
0.99999762364478
0.99999730631974
0.99999759730698
0.99999720546901
0.99999768526307
0.99999726070083
0.99999756177538
0.99999718798141
0.9999976251268
0.99999727798757
0.99999763943696
0.99999728247678
0.99999772916542
0.99999736846609
0.99999772515795
0.99999733428111
0.99999774286946
0.99999737858886
0.99999788722012
0.99999737180601
0.9999977271671
0.99999721011073
0.99999770947277
0.99999753158495
0.99999775085876
0.99999751008893
0.99999752128489
0.99999728589588
0.99999755421523
0.99999746559204
0.99999755927293
0.99999770659598
0.99999763440081
0.99999774416005
0.99999786486541
0.99999762002299
0.99999753204351
0.99999744553681
0.99999758456374
0.99999759544399
0.99999750508931
0.99999761311832
0.9999972960659
0.99999737147083
0.99999712482994
0.9999973576372
0.999997001203
0.99999748972655
0.99999724968538
0.9999976413239
0.99999701208911
0.99999774132601
0.99999727905443
0.99999781255983
0.99999760518756
0.99999812296981
0.99999781488107
0.99999822142008
0.99999787440297
0.99999810511774
0.99999757287765
0.99999779416653
0.99999746162954
0.99999794677253
0.99999731818315
0.99999786580012
0.99999683370275
0.99999744916877
0.99999640487113
0.99999742383752
0.99999639151483
0.99999785228456
0.99999700963685
0.99999826437131
0.99999748189472
0.99999813905756
0.99999756951633
0.9999981889732
0.9999977033264
0.99999832224969
0.99999783504961
0.99999828513361
0.99999786895353
0.99999816912197
0.99999753810111
0.99999808909249
0.99999727295237
0.99999801579284
0.99999735148679
0.99999812234186
0.99999724999234
0.99999787756617
0.99999719539298
0.9999981068319
0.99999739689682
0.99999820569731
0.99999761310713
0.99999813058366
0.99999760892326
0.99999796879568
0.99999717530159
0.99999789791241
0.99999742808625
0.99999812065473
0.99999743121981
0.99999806023668
0.99999737931931
0.99999792319208
0.99999721199499
0.99999786191107
0.99999711590884
0.99999786557645
0.99999720639005
0.99999804634132
0.99999739551356
0.99999797631109
0.99999778240012
0.99999830399246
0.9999979939172
0.99999831437111
0.9999982480802
0.99999836949672
0.9999983485584
0.99999818521666
0.99999807157683
0.99999790042265
0.99999772636277
0.99999790143958
0.99999763917997
0.99999774249971
0.99999730957119
0.9999976287998
0.99999710730226
0.99999767614221
0.99999718663414
0.9999976343639
0.99999731846278
0.999997639221
0.99999741970494
0.99999754861934
0.99999745785062
0.99999766247198
0.99999761084639
0.99999766398778
