0.98232754012674
0.98300388943239
0.9829883731711
0.98309085300111
0.98305852814924
0.98271124916254
0.98116478823069
0.98174814779674
0.98102155062645
0.98019481305383
0.97938454715925
0.98024412538826
0.97931779760301
0.98309002144437
0.98349757554178
0.98452292678234
0.98418522902321
0.98175037000313
0.97557382670811
0.97055689259007
0.97433112121395
0.97367390109572
0.97825838463126
0.98441326326579
0.98243842627906
0.9792787763638
0.97868821816805
0.97363709880464
0.97396560180279
0.97429115062982
0.97573140521246
0.98397986600863
0.98154236591599
0.98060447032031
0.97796734027765
0.9717550552069
0.96879619645839
0.97307845552907
0.97628757874588
0.98377627619338
0.98425053410887
0.98646677718797
0.98385030166934
0.98076034888235
0.97857762486571
0.98121931907053
0.97936849401121
0.9837857845361
0.98122140092406
0.98389228525528
0.98412017023606
0.98278565334954
0.98381707555238
0.98649435621513
0.98592961949464
0.98690566749737
0.98605109263726
0.98644602477484
0.98210417278678
0.97635026157595
0.97555678468586
0.97588212645209
0.97759183744149
0.983534170576
0.98325579351051
0.98509713373339
0.98536189285698
0.98522584212155
0.98439655786367
0.98653744671809
0.98393400254377
0.98434805117723
0.98489293802577
0.98676556007177
0.98550452889028
0.98642400567518
0.98729522432034
0.98808201268646
0.98767511059192
0.9898338800663
0.99068610218091
0.9911272123605
0.99075785639235
0.99115553100944
0.99057122833818
0.99103584270017
0.99163019761238
0.99256652008386
0.99030595461456
0.99147752800016
0.99063985038853
0.99045146016951
0.9899665298954
0.99100873322454
0.98977807987276
0.99024946366184
0.98925947192458
0.99001536308343
0.98943245740219
0.98916311326281
0.98798977764109
0.9880937732672
0.9874664510636
0.98818741476604
0.98784543523411
0.98792647655822
0.98726770094476
0.98702543812912
0.98617556815826
0.98663736059459
0.9856192054135
0.98526701078227
0.98451021850408
0.98439222036652
0.98419514212318
0.984265027898
0.98404108765556
0.98413116446068
0.98381290677745
0.98360878332426
0.98343838319498
0.98288772633629
0.98273020298261
0.98279455352245
0.98276870087338
0.98275651755734
0.98269625944533
0.98268236122539
0.9825953774323
0.98258171305289
0.98258844882713
0.98239161221764
0.98228511255139
0.98229305816566
0.98229305816566
