0.96283973434776
0.96072648570221
0.96972962827811
0.9603289071545
0.97021650472593
0.9619333330981
0.96445552881588
0.95824953537155
0.96170418851877
0.95827634510208
0.96609771984685
0.9584343032804
0.96321422975438
0.96311013736042
0.96205739019086
0.95867987206541
0.95968122590692
0.95930944272417
0.960644041561
0.95835439619859
0.96043852950825
0.9585870604624
0.96293774537789
0.96361111293064
0.96479360643899
0.95920739851323
0.95080706050663
0.96286779514375
0.93498245687807
0.96328093381551
0.93330651623442
0.96069430174958
0.95844847729168
0.9532392645297
0.96095115333714
0.94714441536605
0.95852306401971
0.94986746129436
0.95752761558173
0.96077347556044
0.96251531717612
0.95961279641834
0.96021855079504
0.96068452681405
0.96075028800504
0.96246822209148
0.95625087983538
0.95902967702078
0.95929156310213
0.95855213111768
0.96064200134915
0.95971077901113
0.95877764568136
0.96285642858699
0.96117280623472
0.95729538541907
0.95612787134208
0.96300193227438
0.9613223999035
0.95869280989588
0.9603785333425
0.96120405964475
0.95871410899919
0.96399504587231
0.96322025177329
0.96206922607329
0.96003307035057
0.9641347532978
0.95909411285054
0.96575522336592
0.96431171540008
0.96551174366278
0.9618465786233
0.96495836084569
0.96157443711149
0.96282358750967
0.96190050955357
0.96424685940889
0.95853040429624
0.96475195997351
0.96142580902435
0.96343735368407
0.96442683527322
0.96046735691345
0.96580881922624
0.9603587762615
0.96490840205575
0.96493337533288
0.96197352199431
0.95469099747276
0.96106274088094
0.96602185813963
0.96247325055073
0.96743198671217
0.96113269259345
0.95984249449756
0.96443255759031
0.95784846193627
0.96327641201572
0.95982641232428
0.95957929315976
0.96306627508293
0.96317403684696
0.94425486589246
0.94454579574448
0.96072637293722
0.94948839251332
0.94604902121102
0.96351906964883
0.94691613451545
0.95900777574933
0.94788282439479
0.96336081806486
0.96070928254677
0.95956325637284
0.96619816137372
0.9613043988936
0.96209402230212
0.95801294178016
0.95890793170355
0.9596610195483
0.97090448558644
0.95943588240608
0.96903860948295
0.95963406165018
0.96726408134435
0.96041845722272
0.9678989263269
0.97079401497404
0.96088741896494
0.95914389161522
0.95852924906078
0.96149903652489
0.94980641694616
0.96311401077328
0.95214282672251
0.95219199880471
0.95969455333884
0.96195836628462
0.96163390953477
0.96077940567873
0.95982437282814
0.96069847381387
0.95926507194287
0.95190099191672
0.96179115771526
0.94979201624637
0.95885802971554
0.9610197691329
0.96567852157839
0.9647782976164
0.96089138997815
0.96316033670707
0.96127645772131
0.96128907407921
0.96551730361941
0.96265286148537
0.96441791197815
0.95056160645727
0.95957404166188
0.96034541682813
0.96560673754813
0.96148562956028
0.96462488722098
0.95987795716012
0.96481798860308
0.96254489230931
0.95876048365596
0.96958791739598
0.95836855628485
0.96588980656683
0.96094562710751
0.9539713556418
0.95540278917294
0.96160755066973
0.96027226623953
0.9599534163664
0.9610516878203
0.95851192256369
0.9598758994574
0.95906388077599
0.96008217779339
0.98009694943036
0.96235181781026
0.97235758001257
0.96037457213552
0.9718758587625
0.96040019618236
0.96923249653684
0.96214915346405
0.95890703807956
0.96135317104835
0.96443314788303
0.96207248941394
0.96027778185486
0.96161529189263
0.96310034030799
0.96087688173782
0.96563168608669
0.96146525343742
0.96087324432159
0.96494262332143
0.96068968197445
0.96388513913782
0.96182376617098
0.96386480696283
0.95831048602877
0.96389525113152
0.9630564305499
0.96468406597022
0.96691840732455
0.95999312919791
0.96028125112283
0.95972692932139
0.96106221060349
0.96133980018779
0.9600099592798
0.96023952992407
0.95867234591216
0.95950324243104
0.96401349897206
0.95988144922081
0.96233294323933
0.95633741376446
0.96145704990263
0.96458138038528
0.96116165493946
0.9629411858853
0.95862346599048
0.96312116273988
0.95964030820896
0.96586032226555
0.96098154992707
0.96314272332272
0.95843567976466
0.96697636895623
0.96321163221192
0.96078471967252
0.96414897809857
0.96127005555853
0.96508329039181
0.96078023137726
0.95693413349207
0.95675002604956
0.96279510523721
0.95697863971274
0.95933785811111
0.96158810939036
0.9573504244316
0.96377471465611
0.9523081486457
0.96397288198486
0.96218854439948
0.95896964694817
0.96730912352512
0.95832276168319
0.96799031717022
0.9678165347321
0.96908801656622
0.96017375884083
0.9526361312173
0.9628694694829
0.9604149419594
0.97723220063387
0.95759864589237
0.96366222623532
0.96443103581385
0.96677526264137
0.95571484715884
0.9597456982109
0.96201102910413
0.96275778207635
0.95924370144535
0.96074966029203
0.96979656563605
0.96145903973131
0.96960593646274
0.96056031965681
0.96233721608686
0.96397665013689
0.95965641181655
0.96437333803644
0.95373098776087
0.95986595266214
0.95488884032723
0.96264923259249
0.95394871884214
0.96051203839261
0.94942502631375
0.96558398087172
0.96207531368977
0.96716816133259
0.95735280278456
0.95887348713653
0.9562776228499
0.96573487743624
0.95970985726818
0.965194084334
0.95668108166764
0.95809610080187
0.9628148718832
0.95431644420446
0.95912687824459
0.95458304229326
0.95743601842058
0.95851772454292
0.95610368049905
0.94763940856789
0.9598245362653
0.94897667643897
0.95954010466445
0.94781274685301
0.96336484475063
0.94635880274198
0.95979330127609
0.95904288171903
0.9551341146984
0.95980684720439
0.9559664423911
0.96020045695127
0.95929818538392
0.95087039881995
0.95864903198023
0.95198743889559
0.95029567189164
0.95559537224342
0.95291327155194
0.94934123641038
0.95975156804892
0.9519047780518
0.96243452638108
0.96055949844598
0.96190223858638
0.95511174724635
0.9618532489681
0.95624161412458
0.9419270369497
0.95751902558999
0.9441957232481
0.95677789684942
0.96206198263437
0.95748876322318
0.96659063541546
0.96223798056529
0.96232601389649
0.96152473806989
0.96412326336737
0.96098144303866
0.96280387499425
0.95933124867577
0.96211225833989
0.96167804370001
0.96245972345096
0.96194358098603
0.95893483517266
0.96140081886278
0.9532580319922
0.96069166735108
0.95176823645309
0.96259832764491
0.96111807252953
0.9590326538783
0.95907863954334
0.96099163119672
0.95805850219279
0.96046364937271
0.96281925589767
0.96267452606095
0.96305056013011
0.95416182545999
0.96035595219888
0.94930050776009
0.96126162602163
0.96471897659231
0.95978653715422
0.96049487962039
0.94956421224228
0.96167959371035
0.961763176683
0.95380906582567
0.94981736461045
0.95302697045907
0.95099423438055
0.96212468110162
0.95259276784996
0.94183903855115
0.95918699186112
0.95489746828888
0.9603288388048
0.96257351628623
0.95776646548896
0.95777003267948
0.9595852096036
0.96116341713968
0.95711618216006
0.95982205129485
0.96015061707725
0.96073979459282
0.96074289168565
0.96142133807599
0.95921390210042
