0.98690884332466
0.98693050406219
0.98685401697785
0.9868835942043
0.9868444240702
0.98702984858331
0.98736677527692
0.98749554704215
0.9879643399748
0.98823455410569
0.9885181795015
0.98875473918244
0.98891007556995
0.98945553231452
0.98881533996378
0.98964302934825
0.98875056705589
0.98874091735532
0.98816126254656
0.98875553620556
0.9876067839643
0.98737352024861
0.98699697504755
0.98582866545314
0.98381639532583
0.98253556716495
0.98186152578576
0.97910362456457
0.97896016678512
0.97952133860598
0.98005709786781
0.97769336596137
0.97890660813394
0.97944773721263
0.97847624586561
0.97542735196502
0.98066196764009
0.97914676476007
0.98090519606235
0.97697573351866
0.98214048071551
0.98432870540777
0.98574924994788
0.98523394004446
0.98826042707942
0.98744279184681
0.98929000140351
0.98546253459472
0.98919033887493
0.98745883801598
0.99128544750551
0.99028402187677
0.99170092225199
0.99330042562493
0.99472594395914
0.9955525519094
0.9967561212655
0.99772497403605
0.99808077655354
0.99874495603356
0.99869722131329
0.99899676744922
0.99879768959998
0.99919788058714
0.99852441021837
0.99853626164745
0.99725859570776
0.99745723529042
0.99364211539577
0.99351996544423
0.99019017571074
0.99102062826514
0.97382035474524
0.9770298513427
0.95398307725478
0.94832625646663
0.91941723340025
0.90396607432402
0.89423401409134
0.88359938821491
0.91213417572766
0.93788143884819
0.94517986709452
0.95849674413868
0.97248851059804
0.98088213688427
0.97615021454425
0.97285622649319
0.98238541889591
0.97918151213859
0.98244005063603
0.97942070722371
0.98803118429703
0.99019621038458
0.99159508150257
0.99072265242816
0.99254152119758
0.99192217482409
0.99400868074471
0.99300779410875
0.99402889238931
0.99379599919743
0.99634102649299
0.99640660434941
0.99605545381942
0.99673134654509
0.9972390639642
0.99683533456935
0.99647256100722
0.99535572755847
0.99603012126208
0.99639759410541
0.99421324526674
0.99452134030456
0.99235976219488
0.99209412474008
0.98782040828288
0.98720521492745
0.98190419735696
0.98247711846182
0.98096072146273
0.98292940085839
0.98419127362266
0.9872255335152
0.98139576782566
0.98418532246259
0.97625077589365
0.979414202767
0.97727241856683
0.97556121539922
0.97564605165728
0.97220136530185
0.9697034003518
0.97305740145696
0.97010435007329
0.97037837483952
0.97265228631912
0.97086258088144
0.97095329282433
0.95945765173985
0.9659478723666
0.96697053163529
0.97179235280309
0.97167356306128
0.98041245472501
0.9811036929014
0.98347699274874
0.97773578261676
0.98512595349321
0.98275862155969
0.9865747348167
0.98534365228579
0.98932159846439
0.98865696625086
0.99168918592482
0.99048596731881
0.99190227469187
0.99174962708799
0.99377744107032
0.99365347036656
0.99491490636627
0.99508735016734
0.99634907346296
0.99715035272404
0.99694525164598
0.99726747697975
0.99707153423124
0.99749826391813
0.99682203630383
0.99674541902834
0.99549084751475
0.9960248604215
0.99260619013401
0.99227400191406
0.9884259446731
0.98815328639808
0.97999365925025
0.97750512289434
0.96730447473812
0.96469542945183
0.95373343770408
0.95173677696674
0.94714535331606
0.95270187966763
0.95470372127947
0.95977601930201
0.95686423696007
0.95824170536801
0.9696697785436
0.97238051208712
0.97479464127794
0.97567485398377
0.98264931180813
0.98262227965282
0.9833310315223
0.98375802432887
0.98753219650131
0.9874708976594
0.98824907673025
0.98621922389035
0.98789163964494
0.98636545529689
0.98874670327508
0.98919438902265
0.99008263396696
0.9894163403853
0.99132150446592
0.99016563234827
0.99001196755345
0.99012504821893
0.99158769434635
0.99150975863529
0.99157182792105
0.99022425741049
0.99107867993341
0.9901020720533
0.98948436027543
0.98877681200742
0.98848310165007
0.98867134341697
0.98709136364676
0.98626465182744
0.98499038462315
0.98480980442235
0.98389374409142
0.98270125128869
0.98210005397992
0.98229877133752
0.98160616368494
0.98042432815675
0.98006084542683
0.98067666432559
0.98047214365555
0.9804712516284
0.97965828763277
0.97767768543491
0.97767364971615
0.97473434762969
0.97742076274259
0.976489323049
0.97876571368051
0.97595319164897
0.97732714124669
0.97436460436433
0.97856956145411
0.97836706532769
0.98259255662428
0.98327415337376
0.98805878177674
0.98918483933399
0.99088177114008
0.99137570314819
0.99237696388071
0.99269461471602
0.9925438254876
0.99178908499765
0.99233210791848
0.99209470702052
0.99197177105179
0.99176018183064
0.98994403726559
0.98907540770242
0.98733131010022
0.98603121687395
0.98316407613135
0.98007348517184
0.98006195656917
0.97568229878546
0.9751509898221
0.97419437208244
0.97932421194342
0.97892235221458
0.98302522130683
0.98438966030708
0.98471609657586
0.98503895389211
0.98822179387853
0.98843526606572
0.98996808356965
0.99163115149276
0.99332082112449
0.99472777388866
0.99389770490275
0.99467524078422
0.99486685202378
0.99476029630171
0.9941947978227
0.99457321851358
0.99329693307396
0.99388971876097
0.99290454835656
0.99323711540437
0.9898493941212
0.99060330770518
0.98859703439451
0.98789706473639
0.98497833522753
0.98377270331509
0.98441485077173
0.98580130180099
0.98419228936015
0.98658055235807
0.98575049482632
0.98866863340717
0.98829314024607
0.98917035934101
0.98834104772345
0.98874780885794
0.98879566512671
0.99008018170643
0.98870961828422
0.9894454940938
0.98770840001368
0.98818150856198
0.98418038032071
0.98310469955695
0.98145891789862
0.98006827083831
0.97815073121013
0.97688761502459
0.9779975332698
0.97963610941757
0.9812655271932
0.97938513110788
0.9814170194278
0.98087805800709
0.98297500669858
0.98106661550497
0.984865330635
0.98485695738713
0.98806445750046
0.98805195834144
0.99050877566255
0.99146242111643
0.992205032848
0.99322510063527
0.99468476912705
0.99517115323374
0.995497097379
0.99612139443531
0.99589476047119
0.99640529207761
0.99596365128189
0.99658687020715
0.99513192530289
0.99467362577906
0.99364990417315
0.99322074864855
0.98908576882863
0.9880536840282
0.98534639816356
0.98592316246099
0.9783179478876
0.97829545235151
0.97630438567793
0.97583145235099
0.97354044720451
0.9751156036409
0.9750557103867
0.97962579450377
0.98166655456517
0.98453253224244
0.9832522495953
0.98421984661727
0.98558573093557
0.98573999386907
0.98321888253084
0.98431542320748
0.98553079882091
0.98579201978885
0.98533315039731
0.98515595931283
0.98363556477207
0.98330977712445
0.98269719207049
0.98141640664526
0.98265073742262
0.9812698036189
0.98493147114875
0.98423819277274
0.9840424488672
0.98527754491874
0.9868322547885
0.98687887571201
0.9883741501843
0.98665614505244
0.98783979967252
0.98619339304008
0.98651723711828
0.98674359462097
0.98738992449168
0.98750690504174
0.98756253332277
0.98614052577835
0.9853041734782
0.98201036306471
0.98274164950713
0.98192072080496
0.9823332298296
0.98133085804509
0.9817287444776
0.98126536709729
0.98189288144597
0.98034212944005
0.98459663000348
0.98398953349577
0.98558420038091
0.98385701133119
0.98580439464355
0.98689304170491
0.9885133804299
0.98952853070029
0.99103053394272
0.9908243096917
0.99107342033906
0.99036524911333
0.9909208038643
0.99076220338582
0.99125923970317
0.99203908061235
0.99155703421577
0.99162202300168
0.99109931028778
0.9908652401581
0.98989417841127
0.98995139577751
0.99000618792838
0.99046027761338
0.98935749853019
0.99026495575387
0.98939384222303
0.98997362138991
0.98908651904594
0.98893782244116
0.9876474888363
0.98775544648799
0.98645772644169
0.98625938829645
0.98511956969556
0.98657190019153
0.98547729414552
0.98653805443285
0.98548395298651
0.98556997003741
0.98553029684367
0.98577216211546
0.98577843591407
0.98692658027543
0.98709821623744
0.98737778988445
0.98720850965163
0.98735567549446
0.98697386046443
0.9870397004075
0.98665302765499
0.98675960093052
0.98675025638465
0.98674864512895
