0.99999670423011
0.99999670304664
0.99999669235251
0.9999966917395
0.99999668246056
0.99999668323292
0.99999665715512
0.99999666617681
0.99999665784267
0.99999668756394
0.9999966764161
0.99999670733682
0.99999668623843
0.9999966834546
0.99999673410637
0.99999670265213
0.99999670195518
0.99999670814076
0.99999671545329
0.99999666998829
0.99999675214829
0.99999676055624
0.99999681277372
0.99999681490644
0.99999679253084
0.99999675705333
0.9999967969281
0.99999672107439
0.99999678480369
0.99999676634606
0.99999678973799
0.99999677144368
0.99999685805313
0.999996707749
0.99999683565908
0.99999674847929
0.99999676354098
0.99999669931721
0.99999674542675
0.99999663954004
0.99999675030697
0.99999660117466
0.9999968712753
0.99999679720154
0.99999702030642
0.99999671580917
0.99999699741365
0.99999661727662
0.99999678716945
0.99999670959055
0.99999696867798
0.99999671540807
0.99999710937988
0.99999686485023
0.99999725168509
0.99999677225978
0.99999676091927
0.99999665050202
0.99999687503
0.99999687029418
0.99999706741971
0.99999699199122
0.99999749647396
0.99999746768031
0.99999764583165
0.99999763846494
0.99999822538934
0.99999779496974
0.99999821260771
0.99999797862509
0.9999984992984
0.99999818704884
0.99999860990058
0.99999854633115
0.99999905342022
0.99999866558653
0.99999896753722
0.99999857269912
0.99999896401402
0.99999829298159
0.9999987682614
0.9999985357812
0.99999891334361
0.99999854426669
0.99999879426141
0.99999809919079
0.99999858537853
0.99999665822693
0.99999742238394
0.99999697002652
0.99999743974338
0.99999749179741
0.99999790615318
0.99999661495555
0.9999985829394
0.99999639973074
0.9999981570912
0.9999976954044
0.99999848827965
0.99999824608386
0.99999874124795
0.9999981697748
0.99999928896765
0.99999898133927
0.99999945013385
0.99999899105101
0.99999953289552
0.99999920654251
0.99999954796742
0.99999924477837
0.99999956363097
0.99999943142395
0.99999968155381
0.99999923124993
0.99999957786966
0.99999928952127
0.99999947005703
0.99999922183256
0.99999940797711
0.99999922874015
0.99999937518574
0.9999989905337
0.99999921209401
0.99999887859138
0.99999901961537
0.99999875189935
0.9999987860387
0.99999856924146
0.99999865735009
0.99999844056236
0.99999874205184
0.99999832608601
0.99999843125561
0.99999831689482
0.99999830714747
0.99999810872404
0.99999797917767
0.99999771502414
0.99999768184934
0.99999773907586
0.999997484224
0.99999750190711
0.99999747662841
0.99999715886175
0.99999704074193
0.99999717301927
0.99999692519137
0.9999969523079
0.99999660019074
0.99999634832297
0.9999959806621
0.99999613174622
0.99999571876264
0.99999613924917
0.99999587759973
0.99999586441184
0.9999956175347
0.99999588427159
0.99999537144877
0.99999581433886
0.99999530548017
0.99999552033559
0.99999506117076
0.99999581942757
0.99999547320602
0.9999959600459
0.99999570551459
0.99999589932618
0.99999586238345
0.99999597066254
0.99999561665634
0.99999616877032
0.99999591027304
0.99999601667764
0.99999589945386
0.99999614081838
0.99999598005111
0.99999631612748
0.99999601264078
0.99999616232482
0.99999606965151
0.99999615384542
0.9999958907615
0.99999626057885
0.99999608669733
0.99999615786906
0.99999573971086
0.99999593765831
0.99999575197877
0.99999587696651
0.99999521820999
0.99999585274744
0.9999953769153
0.99999573350903
0.99999493335812
0.99999559457328
0.99999497334976
0.99999539697929
0.99999470895918
0.99999517889967
0.99999450521468
0.99999520160488
0.99999422289291
0.99999526621703
0.99999468249289
0.99999532254682
0.99999471128003
0.99999538814917
0.99999482181077
0.99999558185845
0.99999494778123
0.99999560887797
0.99999484825802
0.99999556616394
0.99999484119663
0.99999569626171
0.99999518428708
0.99999580179546
0.99999503249998
0.99999565972458
0.99999504183479
0.99999574850091
0.99999533745532
0.99999548307987
0.99999543105825
0.99999610259537
0.99999560483095
0.99999614784197
0.99999584753492
0.99999605407218
0.99999562849976
0.99999585756435
0.99999521085996
0.99999599925563
0.99999543880092
0.9999952940701
0.99999529060263
0.99999587173936
0.99999558800158
0.99999494637526
0.99999487864814
0.99999410732734
0.99999350650934
0.99999356593316
0.99999287283451
0.99999419609771
0.99999500772511
0.99999513608425
0.99999564348451
0.99999552064611
0.99999600592473
0.99999565577392
0.99999636839168
0.99999598137896
0.9999963882388
0.9999969696824
0.99999718197686
0.99999716892252
0.99999761858771
0.99999726826096
0.99999769531018
0.99999738321982
0.9999975622565
0.99999793141421
0.99999813617991
0.99999770059455
0.99999800976564
0.99999768197285
0.99999794085243
0.99999788102405
0.99999766948111
0.99999750291235
0.999997305979
0.9999971842159
0.99999714929305
0.99999727457126
0.99999707824799
0.99999697915813
0.99999679105877
0.99999668906868
0.99999652063963
0.99999665907888
0.99999640078757
0.99999680179395
0.99999640901629
0.99999680677836
0.99999637342773
0.99999667138757
0.99999632774992
0.99999668445202
0.99999615879795
0.99999655242464
0.99999612303789
0.99999640216424
0.99999585145168
0.99999620122636
0.99999548193429
0.99999596329128
0.9999951265075
0.99999550974046
0.99999482208854
0.99999540340066
0.99999460594119
0.99999525959914
0.99999441964151
0.99999532999436
0.99999445894477
0.99999500758696
0.9999943336044
0.99999497777573
0.99999406889378
0.99999504912236
0.99999443552319
0.99999521411161
0.99999454353862
0.99999505665678
0.9999944747938
0.99999513109118
0.99999441425168
0.99999507651767
0.99999442597838
0.99999516866972
0.99999459633888
0.99999513566783
0.99999481918091
0.99999530238936
0.99999471132492
0.99999509198955
0.99999468090618
0.99999533648418
0.99999490000305
0.99999548784967
0.99999501587647
0.99999541594627
0.99999489266458
0.99999498262391
0.99999468165116
0.99999516083963
0.99999479267686
0.99999528229817
0.99999509264957
0.9999955508674
0.99999543698689
0.99999533988572
0.99999527297113
0.9999955861518
0.99999541940075
0.99999571302362
0.99999554593192
0.9999958286362
0.99999606154767
0.99999601190053
0.99999618992684
0.99999641887344
0.99999625413524
0.99999641597347
0.99999639501578
0.99999629848529
0.99999644370865
0.99999644443562
0.99999663029487
0.9999966643913
0.99999677389357
0.99999647243132
0.99999658026248
0.99999647033454
0.99999635599465
0.99999657145953
0.9999965437344
0.99999641529257
0.9999967898651
0.99999670227507
0.99999682430778
0.99999695063733
0.99999681740515
0.99999675519589
0.99999686555107
0.99999657647977
0.99999678580158
0.99999698305159
0.99999705930224
0.99999694558771
0.99999707246485
0.99999698053842
0.99999713716636
0.99999708246582
0.99999690981176
0.99999693339086
0.99999690779668
0.99999669701624
0.99999680090819
0.99999688396227
0.99999690417635
0.99999701929496
0.9999967990578
0.99999665598749
0.99999661404012
0.99999652679948
0.99999640785992
0.99999671227725
0.99999659231724
0.9999966491405
0.99999663018802
0.99999658814745
0.99999666679378
0.99999676022615
0.99999639536843
0.99999666060849
0.99999662060786
0.99999643766584
0.99999652119345
0.99999679599252
0.99999676399155
0.99999702339919
0.99999668468151
0.99999683164792
0.99999668292307
0.99999668400698
0.99999636514746
0.99999660610304
0.99999639260944
0.99999666850755
0.99999641420129
0.999996498422
0.9999964236494
0.99999662619145
0.99999647886416
0.99999654451314
0.99999648110324
0.99999648236145
0.99999624265913
0.99999636253354
0.99999607508603
0.99999645674328
0.99999628723402
0.99999650847466
0.99999639999827
0.99999645434572
0.99999631922464
0.99999638789441
0.99999621102075
0.9999964155104
0.99999604817264
0.99999648904419
0.99999634478991
0.99999642544776
0.99999642853997
0.99999635485725
0.9999963869147
0.99999655303457
0.99999643872073
0.99999666275943
0.99999656765781
0.99999654433717
0.99999654961701
0.99999664854365
0.99999661083563
0.99999670162326
0.99999667690159
0.999996595859
0.99999657043782
0.99999664402089
0.99999658709948
0.99999670474598
0.99999670277518
0.99999659105861
0.99999662285842
0.99999656594868
0.99999658817784
0.99999666012412
0.99999662245834
0.99999662760742
0.99999661837618
0.99999663380073
0.99999663888727
0.99999669427795
0.99999667497741
0.99999667998072
0.99999667982475
0.99999668280777
0.99999668720659
0.99999670210644
