0.95585223644976
0.95101841220874
0.95862311144359
0.96506171576514
0.95312717916612
0.96570989090433
0.94831953036923
0.95559051143585
0.95872660021665
0.96627767810668
0.96064563801426
0.96858593974286
0.96049979571365
0.96264543136253
0.96032401624705
0.96726713673854
0.95784399753676
0.95559506637355
0.9684501565337
0.95667326714468
0.95993424629753
0.95248115717862
0.95948511321344
0.95615963556301
0.95548004139008
0.96834035286002
0.95526729997222
0.96442400930202
0.95611768171975
0.95621052284262
0.95753139070108
0.95998308763751
0.95576578018506
0.96587564219531
0.96138973102294
0.96476681811582
0.94827289491704
0.96146505807624
0.95920714672131
0.9599249956681
0.95755905181375
0.87771662986728
0.94947654251636
0.96228120013274
0.94787499162447
0.95675244591414
0.9546787390062
0.96351788081457
0.96216324643962
0.9591297834546
0.96296930716803
0.96708457851855
0.96035158818696
0.96209546841895
0.9560932192394
0.948542515164
0.9603111278049
0.95020531072193
0.94987285332575
0.95802827530504
0.94977611590791
0.95709598616336
0.95676339475793
0.95787005891265
0.95380962845681
0.95706458922242
0.9551269484578
0.95758951875985
0.95701782411382
0.95731333826604
0.95533036327835
0.96502042839682
0.9608851474847
0.95679576379336
0.95623675774219
0.95827274130541
0.9561732409703
0.95970048765891
0.95324904902928
0.95193060975618
0.95253013116456
0.94914184925777
0.95951616844435
0.95650428267169
0.9523874035413
0.95902251481156
0.94893955273053
0.95377056127375
0.74866617253499
0.96349159854057
0.75992864605538
0.95150741683255
0.95098581019901
0.95261044631891
0.95141611286217
0.76160765926322
0.95451192819055
0.94784900462232
0.96354553073499
0.95549811514398
0.9590146757716
0.95398648258464
0.96331259501762
0.95806289675792
0.96202774857501
0.94747475030403
0.97169662946882
0.95894520143967
0.87410761204654
0.96458357896071
0.95153405544334
0.95560537569106
0.96643993829834
0.94805806348938
0.96101216083254
0.96153684678252
0.95323081387243
0.95428308846006
0.95548270224439
0.95289768340981
0.95128842841888
0.96487593936314
0.96567871736177
0.93780055814442
0.95266024756134
0.9617408174423
0.95656692541486
0.95792408317677
0.95200927316772
0.92901737146222
0.96536722182224
0.95776581702785
0.96318822557682
0.95557966850986
0.95934915997539
0.95994493790819
0.95974266042512
0.96295187564326
0.95904121407396
0.95137168315755
0.96220497892889
0.95654695750111
0.95999378786046
0.95226174491439
0.96565843404828
0.95617340063384
0.96151364742923
0.96190054343909
0.95335036202835
0.95578024225254
0.95487845238036
0.95825848864724
0.95678369912177
0.96625811463523
0.95469409391695
0.95613111208568
0.96092938893445
0.94902719876641
0.96076293156966
0.95646019427625
0.95408110262826
0.95108831160357
0.95571212518557
0.96150389549103
0.95779732704475
0.95550816579454
0.96382832798042
0.95927600631302
0.94966287694541
0.95821148495224
0.95913437484525
0.95124807876504
0.96901537757016
0.95743492398273
0.95679014479202
0.95862815922346
0.96010236564065
0.95846475648005
0.96685975151181
0.9546780957786
0.95728996086665
0.95688134413537
0.95569491752602
0.95648471078269
0.96450607162167
0.95325886649519
0.95829680836301
0.96490637990513
0.95349813481512
0.95723452522628
0.96353064715807
0.96292593992796
0.95512058580776
0.9585358859542
0.95835852214581
0.96364432796312
0.95855257654415
0.95988462417157
0.95640193446892
0.96141400812427
0.95391334597752
0.96075526630158
0.9689676631609
0.95580192352161
0.9557074588874
0.95248864365147
0.96730105366
0.95525959036653
0.95771574503615
0.95567839798533
0.95886410212659
0.9605610575058
0.96498820639555
0.94716235363246
0.95613747932234
0.94465147800477
0.95549371416125
0.95604765930087
0.95460147542152
0.95677976540257
0.9596545930528
0.95765909682169
0.96291646547206
0.96219218157992
0.96306039716957
0.96446814888826
0.95650259151057
0.95462061660113
0.95364949300458
0.95461606155459
0.94656243466746
0.95514203220246
0.96056458651824
0.96151647785645
0.95443621391452
0.96304403436875
0.95472927088777
0.95732864171707
0.96308245409433
0.96009685691319
0.95580337688693
0.87695176739017
0.95268374246436
0.91792447231731
0.90083309745036
0.95660866874358
0.95424447530173
0.95698185799402
0.95533239585607
0.95504165315146
0.9688651671588
0.95674836298598
0.95075226764616
0.95799395676543
0.93176728731223
0.95635264862304
0.95695377327034
0.95568403213638
0.95321794388639
0.96109453553249
0.98376656661265
0.95417668538064
0.96341142587223
0.96060889848362
0.96014539537979
0.98069829647047
0.96071496016268
0.97000745355056
0.97654669654867
0.95728669756889
0.97134177302104
0.95279475293185
0.9495986516099
0.97013015374207
0.9623500348332
0.96110412096257
0.95416572904118
0.96155332768597
0.95544335121887
0.96830529172345
0.95758613783526
0.95930411131852
0.95634848750711
0.96438810280238
0.95889286047365
0.95889661410739
0.95660621104972
0.9628276479794
0.95588666137557
0.95195506923871
0.96029195152819
0.96869135971642
0.9554739000687
0.9602787723353
0.96061655813797
0.9505915593998
0.96368834914007
0.96147159243226
0.96829989269806
0.95467693364404
0.96609042511846
0.95604149096283
0.94702861851662
0.96615090349678
0.95917472242468
0.95473226541751
0.95675124841953
0.96068535268769
0.95788517212225
0.97226634195893
0.95491889333327
0.95789385942388
0.95670796989312
0.96912769778728
0.95638535088239
0.95013385079411
0.9641794182217
0.9595123734839
0.9572021937619
0.9522472055845
0.9592052886485
0.96241353111629
0.94986264442959
0.95000460312389
0.95471776911253
0.96113516615862
0.95280338957714
0.95931856825027
0.9549498570289
0.95935406864424
0.95261619088528
0.96175925488885
0.95804566639961
0.9534461678757
0.95464061853439
0.94738887895959
0.95441135567789
0.96083700211711
0.95956275523047
0.95559450013278
0.95643018497423
0.95984725797285
0.95813361503633
0.95547557752824
0.95962998207436
0.95805537680396
0.95672267408026
0.9499489060813
0.95294745337972
0.95155382111441
0.95934553536515
0.95754511039468
0.95562399111664
0.95557944782887
0.95630292586052
0.94590349168569
0.95161662311166
0.9570584251431
0.95065531706668
0.9550120514764
0.95481081309022
0.96415903497562
0.95242647100076
0.95655082357926
0.96177941799498
0.95264455510207
0.94975751656822
0.96049907054466
0.95818419637725
0.95733664635627
0.95553563072421
0.96208909980393
0.95272245194
0.96570535405404
0.95060334579867
0.95652156052463
0.96550438077526
0.93539237980047
0.95598207664256
0.95497270983
0.96541682293029
0.95317420954322
0.96702996888631
0.95644568130579
0.96502758344821
0.9614277007208
0.95514587436165
0.96352961290382
0.95844168550632
0.95989922542283
0.96340608120415
0.96017756310163
0.95391325147641
0.95370608374921
0.95665841423768
0.95406263022732
0.96376873846472
0.95988140159245
0.9569858602077
0.96157175746922
0.95903943414215
0.95897125001445
0.95672211360539
0.95801516231584
0.956995487373
0.96566159400414
0.95056853934564
0.94935180851969
0.94473805538358
0.95670670066276
0.9453000031465
0.95124647156585
0.96052168351407
0.96668026485974
0.95896069535849
0.95956878931043
0.95557372449771
0.96199141688656
0.95853678022788
0.95333357050767
0.95601549961173
0.96627145178533
0.95466847348218
0.96352909131433
0.95396121458068
0.95759311739998
0.95988375506734
0.96409029675747
0.95630498777933
0.96499475793776
0.95729003118198
0.96222346533145
0.95267603118819
0.96492441946906
0.95857797498229
0.95470058941223
0.9533268989114
0.95015797300716
0.96354293148935
0.95551155695363
0.95936438655149
0.95322797374148
0.95592772068329
0.95358234050106
0.95427707058771
0.96525981633682
0.950797870085
0.95795610501255
0.96217679910795
0.95605210799469
0.95605042026828
0.95472971875433
0.96028805790008
0.94328625950946
0.94684206608207
0.95509109741963
0.96085335539425
0.96036627697358
0.95371333282671
0.85733071846515
0.96162965208448
0.95804514576679
0.95876471216216
0.95839142481362
0.9538803166404
0.96102133426797
0.95291170743778
0.94107144148109
0.95598992579851
0.95495533159539
0.95691247541467
0.91302841414286
0.95258640187488
0.92774735838656
0.95880867932066
0.94642847232751
0.89431911791872
0.95278608875738
0.95603514884236
0.94699045854706
0.95477848796748
0.95403934447861
