0.5
0.5
0.5
0.5
0.5
0.5
0.5
0.5
0.5
0.5
0.5
0.5
0.5
0.5
0.5
0.5
0.5
0.5
0.5
0.5
0.5
0.5
0.5
0.5
0.5
0.5
0.5
0.5
0.5
0.5
0.5
0.5
0.5
0.5
0.5
0.5
0.499999216817
0.49983989813855
0.49998657203251
0.5
0.5
0.5
0.5
0.5
0.5
0.5
0.5
0.5
0.5
0.5
0.5
0.5
0.5
0.5
0.49995388191187
0.5
0.5
0.5
0.5
0.5
0.5
0.5
0.5
0.5
0.49987397393067
0.49993149297933
0.4997568012741
0.49990268870621
0.49985897114228
0.4998081542353
0.49981760301196
0.49960117333831
0.4996872434274
0.49998317015808
0.49990240737961
0.5
0.5
0.5
0.5
0.5
0.5
0.5
0.5
0.5
0.5
0.5
0.5
0.5
0.4996641250103
0.5
0.5
0.5
0.5
0.5
0.5
0.4999693947417
0.5
0.5
0.5
0.5
0.5
0.5
0.5
0.5
0.5
0.5
0.5
0.5
0.5
0.5
0.5
0.5
0.5
0.5
0.49993782939694
0.49991266235785
0.5
0.5
0.5
0.5
0.5
0.5
0.5
0.5
0.5
0.5
0.5
0.5
0.5
0.5
0.5
0.5
0.5
0.5
0.5
0.5
0.49976096446589
0.5
0.49961572678473
0.49938533463237
0.5
0.49971286783871
0.5
0.5
0.5
0.5
0.5
0.5
0.5
0.5
0.5
0.5
0.5
0.5
0.5
0.5
0.5
0.5
0.5
0.5
0.5
0.5
0.5
0.49976857989451
0.5
0.4999377531008
0.5
0.5
0.49979961404232
0.49970786123318
0.49973886197608
0.5
0.5
0.5
0.49973863495712
0.49959500806832
0.49921212262833
0.49972441452817
0.49935846316745
0.5
0.5
0.5
0.49962486747624
0.5
0.5
0.5
0.5
0.49999887476395
0.4998971777597
0.5
0.5
0.5
0.5
0.5
0.5
0.5
0.5
0.5
0.5
0.5
0.5
0.5
0.5
0.5
0.49980563122815
0.5
0.49968814869356
0.4998313526831
0.5
0.49967790154049
0.5
0.5
0.5
0.5
0.5
0.4999533450383
0.5
0.5
0.5
0.5
0.5
0.5
0.49999570643422
0.5
0.5
0.5
0.5
0.49998523343785
0.49991335708232
0.5
0.5
0.5
0.5
0.5
0.5
0.5
0.5
0.5
0.5
0.5
0.5
0.5
0.5
0.5
0.5
0.5
0.5
0.5
0.5
0.5
0.5
0.5
0.5
0.5
0.5
0.5
0.5
0.5
0.5
0.5
0.5
0.5
0.5
0.5
0.5
0.5
0.5
0.5
0.5
0.5
0.5
0.5
0.5
0.5
0.5
0.5
0.5
0.5
0.5
0.5
0.5
