0.50023996028979
0.50023996028979
0.50023426722763
0.50023310607462
0.50023426722763
0.50023310607462
0.5001129825778
0.50009292993138
0.50010607968953
0.50008903473018
0.50012184775235
0.50013931133144
0.5
0.50007306623816
0.50001003706567
0.50008080466961
0.50016197289218
0.50023166815926
0.50013588654483
0.50000109032757
0.50021394127858
0.50003531051049
0.50021973312174
0.5002282451537
0.50020136970886
0.50023282304688
0.50021520336957
0.50029487187589
0.5
0.5
0.5
0.5
0.50022329928311
0.50027640523009
0.50015968622519
0.50036295966329
0.50022321086007
0.50004967546688
0.5
0.5
0.5
0.5
0.5
0.5
0.50007990470797
0.50025239515627
0.5
0.50020740836415
0.5
0.50002121943574
0.5
0.5
0.5
0.5
0.50018516409055
0.50000281794276
0.50011161075318
0.5
0.5000149968971
0.50010409193906
0.5003751722283
0.50071307974367
0.50022687994844
0.50056525351973
0.5
0.5
0.5
0.5
0.5001984010658
0.50027011040529
0.50042579159311
0.50032201075749
0.50032488099338
0.50002259894545
0.5
0.5
0.50023920720507
0.50036268326987
0.5003314980762
0.50076868328105
0.50005310552305
0.5
0.5
0.5
0.5
0.50008580923867
0.50007712914307
0.50016196118419
0.50032859327061
0.50016356548147
0.5
0.5
0.5
0.5
0.50023239847449
0.50046564573151
0.50027140452705
0.50007082532937
0.5
0.5
0.5
0.5
0.50013306609543
0.50021352593253
0.50033715669749
0.5003934641171
0.50026355536358
0.50028499600099
0.50005637212164
0.5
0.5
0.5
0.50020931564886
0.50029891557689
0.50033563857678
0.50058562910059
0.50022184005712
0.5
0.5
0.5
0.5
0.5
0.5
0.5
0.50016225780822
0.5
0.5
0.5
0.5
0.5
0.5
0.5
0.5
0.5
0.5
0.5
0.5
0.5
0.5
0.5
0.5
0.5
0.5
0.5
0.5
0.5
0.5
0.5
0.5
0.5
0.5
0.5
0.5
0.5
0.5
0.5
0.5
0.5
0.5
0.5
0.5
0.5
0.5
0.5
0.50004526656611
0.5
0.5
0.5
0.5
0.5
0.5
0.5
0.5
0.5
0.5
0.5
0.50009566548911
0.5
0.5
0.5
0.5
0.5
0.50031928469244
0.50012042829868
0.5
0.5
0.5
0.5
0.5
0.5
0.5
0.5
0.50024575569947
0.50019068789967
0.5
0.5
0.5
0.5
0.5
0.5
0.500117526086
0.5
0.5
0.50010620544128
0.50002846874214
0.50018998035541
0.50004901686222
0.50040663345961
0.5
0.5
0.50030396407166
0.5
0.50023995591534
0.50032810780819
0.5000348196392
0.50030639582091
0.50034830290957
0.50045069240262
0.50041850501934
0.50028308263994
0.50033704483562
0.50028058232996
0.50010043639331
0.50055932242172
0.50016498652077
0.50003907892108
0.50005961703132
0.5
0.50004062119778
0.5
0.50005614017507
0.5
0.50017560345546
0.50020185414814
0.50010701142195
0.5
0.50026440473173
0.50015471997261
0.50017024207047
0.50029102012668
0.5
0.5
0.50003841119647
0.5
0.5
0.5
0.5
0.5
0.5
0.50023631450539
0.5
0.5
0.50000847637447
0.5
0.5
0.5
0.5
0.5
0.5
0.5
0.5
0.5
0.5
0.5
0.5
0.5
0.5
0.5
0.5
0.5
0.5
0.5
0.5
0.5
0.5
0.5
0.5
0.5
0.5
0.5
0.5
0.5
0.50005821229985
0.50013873097103
0.5
0.5
0.5
0.5
0.50015859047588
0.5002800427104
0.50025487047078
0.50042016007761
0.50038028731336
0.50006366895681
0.50015298940867
0.5
0.5
0.5
0.50013295759807
0.50019350880522
0.50048565875352
0.5003679038122
0.50010293942744
0.50000565607815
0.5
0.50025265496399
0.50020512481394
0.50024838537289
0.50058817193153
0.50057308105986
0.50028118171432
0.50060191255156
0.5
0.50012548564188
0.50008398486201
0.50025915761679
0.5
0.50021428566131
0.50053351465106
0.50022239985891
0.50093712982343
0.50090224606646
0.50040956960828
0.50060522527185
0.50026438423202
0.50034239564539
0.50076460146682
0.50050996055472
0.5003435341349
0.50009267926122
0.50029806238294
0.50054552114914
0.50064580504433
0.50077562735152
0.50042954615705
0.50013103153482
0.50031459319252
0.50023417264311
0.50040218574844
0.50019805273415
0.50036125926573
0.50025527166102
0.50016595985372
0.50037480957387
0.50010431746762
0.50007370494151
0.5
0.50007067400478
0.50032854898266
0.50045218737365
0.50044621649458
0.50073919780107
0.50023007136205
0.50054659890988
0.50014461825705
0.50014924546258
0.5
0.5003533947049
0.50056840201035
0.50056895160275
0.5007847388808
0.50046008829265
0.50025849060934
0.50067430413108
0.50024899352158
0.50076816891382
0.50062487347671
0.50067258488465
0.50032680737789
0.50031607416194
0.50009772976619
0.50013353605611
0.50073106601285
0.50079989150712
0.50060951841701
0.50109236600709
0.5005393494437
0.50050280730821
0.50074326007244
0.50030041280141
0.50024857439972
0.50032018879015
0.50053399804697
0.50050967886511
0.50097534335536
0.50075456939543
0.50046374467192
0.50062688653002
0.50008259506646
0.50044734827484
0.50036715261958
0.50058655046797
0.50027943668973
0.50039890611086
0.5
0.50011540316484
0.50021165577156
0.50021385376233
0.50017689238147
0.50021548122023
0.50029124783552
0.50042422631919
0.50049026190991
0.50048842055181
0.5001795390468
0.5
0.50014417538561
0.50006616198809
0.50050183782704
0.50044807984483
0.50058673576862
0.50065778127723
0.50015141574807
0.5
0.50020561935868
0.5
0.50023072629149
0.50048993099965
0.50016448981446
0.5004355466976
0.50054469186812
0.50022863813313
0.5
0.5
0.5
0.5
0.50036053853349
0.50032841536733
0.50020198654514
0.5
0.5
0.5
0.50001961489655
0.50025272745758
0.50025926194833
0.50039668609801
0.5001798462838
0.50010064543584
0.50026637031185
0.5
0.50002662202485
0.5
0.50013057935076
0.50019844287405
0.50030065366039
0.50003761246946
0.50014760835368
0.5
0.50004598045268
0.50013907234569
0.50000507155936
0.50021107017961
0.50018602503782
0.50023779500389
0.50006740577017
0.5
0.50007452187563
0.50002090845405
0.50024520178929
0.50017580412633
0.50018901782365
0.5
0.5002189259361
0.50003140454069
0.50025874842609
0.50023826105105
0.50018805492808
0.50027929368617
0.50018047372422
0.50029758485172
0.50024621408465
0.50028519389715
0.50019877619806
0.50022916917512
0.50019992841769
0.50020924946464
0.50024667806705
0.50025061284028
0.50024345355057
0.50025061284028
0.50024345355057
0.50023996028979
