0.88656391417475
0.88608970374978
0.93308095319707
0.87614598573414
0.89484385122153
0.87220304082293
0.88548566655602
0.88613118036589
0.89977285494632
0.87550830677093
0.88134012939041
0.8643413588302
0.88251769502417
0.93210430471127
0.87707511444032
0.87976057165989
0.88835754575751
0.88457344412709
0.87847341847434
0.80502418740406
0.88317128587726
0.88239304007469
0.88674602800114
0.8755356640665
0.87632801605927
0.89191563063298
0.88991037927981
0.88879501548501
0.86602641768056
0.87960846558035
0.86211610229915
0.87624142474634
0.93719263396897
0.88774442386571
0.8888426064714
0.88166868459337
0.80350489253966
0.8786308927613
0.88329816526022
0.87905310183185
0.88767066288686
0.88702636837219
0.88199804993036
0.86868505020503
0.88859696253457
0.87528463262607
0.82745476733128
0.87620551225629
0.88125824187525
0.83899437206166
0.88595543286774
0.89143148977245
0.88930080377005
0.89972224696623
0.89643756539599
0.89035556349393
0.90664305574443
0.90067782147312
0.87886149613463
0.86595560579234
0.87846535793566
0.88422717136519
0.88248187290334
0.88329121420508
0.8858205605901
0.87554098203105
0.87448396284187
0.87933445350801
0.89621781858251
0.88859153723533
0.86535870560465
0.88567585723007
0.91512242437908
0.85607703920143
0.89481978186399
0.76363686635885
0.94507450058007
0.88454932617176
0.89580589318385
0.87258952059132
0.89166533465784
0.89732572595498
0.89143823575376
0.88354297854376
0.88290084567453
0.90977604668697
0.89995222876657
0.9066390552291
0.89991510731952
0.87994130165906
0.88535521056272
0.89774280430766
0.91721560522624
0.90045556066043
0.9141158000987
0.88244298380631
0.90525205770786
0.87908713846619
0.90756689534521
0.88072353332654
0.91009561070163
0.88123310780174
0.9145128441374
0.89832601952251
0.90766217219126
0.90412253986818
0.90542333056289
0.87977211574418
0.89988865907029
0.89014665402834
0.89448700836152
0.88488113432097
0.89938660270754
0.88728825470203
0.90038756574087
0.89209636705005
0.8943655453884
0.89328130340258
0.9001957229251
0.88639819357824
0.90752651803201
0.88152743904785
0.91334466968877
0.881430649223
0.89824684709471
0.88811640357884
0.89873019716737
0.88625711737711
0.9041345181617
0.88260938612921
0.89926120810842
0.87891537625235
0.90784784774783
0.88843998996822
0.89874918578654
