0.90407991444979
0.87053393136966
0.89067572295602
0.89133391705771
0.89021299643257
0.88035656956539
0.87753713800636
0.88701060255477
0.91054348986186
0.87920319280561
0.96370963767828
0.91620211428186
0.9152964203597
0.90932802273252
0.87274646701085
0.91377751304726
0.8754657663259
0.87593780463326
0.88123094252511
0.85952694876699
0.86497183457088
0.90096687550124
0.86535451509469
0.87363915967527
0.85465821448086
0.88691407611157
0.87136161907537
0.87393185157829
0.89129723382485
0.88084614911437
0.87515403340624
0.87014716939594
0.88516292924256
0.87392804168899
0.87853820763171
0.87686432465539
0.86786374929841
0.88966644601774
0.87117325629995
0.87392249751644
0.87637604372729
0.87840047144062
0.81154601011712
0.92977619040018
0.87884673392778
0.87162605399459
0.86928808713422
0.90506852674176
0.88587559248621
0.91217607520312
0.88843655489608
0.89348522425905
0.90363085709153
0.9010368472923
0.87938066142407
0.88865318458782
0.88387330470822
0.86399259283185
0.88934220077907
0.88165114254417
0.89036853013107
0.88751267722222
0.87892571989478
0.90010066070083
0.88790047193947
0.87010332856197
0.88243476979563
0.84942544811757
0.88818452821315
0.89441985818684
0.89746318395983
0.89162874230243
0.88349070689599
0.89026365745487
0.89058862671201
0.85983206916597
0.87604068756227
0.61124926179461
0.89060457037974
0.61704604734253
0.8849184709001
0.86533425788888
0.87301239147388
0.87397652571261
0.8889102270202
0.93018758544372
0.88087270198935
0.7082278400142
0.89167444289214
0.88263205486624
0.88834526288066
0.89012779397337
0.888343329526
0.95620789868183
0.87499785751954
0.91281998979477
0.91380520523356
0.88268607710844
0.91512259910035
0.90182633942998
0.90904278307415
0.91829645231934
0.79727822993966
0.87606598565386
0.88875595847222
0.88953426371904
0.88632272720308
0.89074263675867
0.86723962211738
0.88815418945136
0.88734846443174
0.89570611042069
0.88719742722554
0.88608241229176
0.89438472955146
0.89652869136131
0.83568432576428
0.8855159021348
0.89483267756669
0.83745635013401
0.83046175774309
0.89661319701128
0.90449560095895
0.81634633510018
0.88463430018918
0.95239283433983
0.70999298026508
0.88548944145726
0.8901745039404
0.88739730981352
0.8724730998239
0.88022986888371
0.87609642108343
0.87074668560457
0.87197063067731
0.86900847710305
0.87171613563472
0.86690383944581
0.80390225558351
0.88219842759477
0.77023923546277
0.83879081431503
0.88220041300422
0.87152468835824
0.88051010611033
0.86525403457951
0.89382420445494
0.86608971597397
0.88251998250575
0.8722507054851
0.87765087372258
0.88495745138529
0.89696655725113
0.8882253038564
0.88832623606492
0.87545524988303
0.90407563806237
0.87916715387548
0.88651569132765
0.87748950148687
0.91626374377241
0.8835729545078
0.91474165606972
0.8705951163967
0.88436273182098
0.87945689826892
0.90102779170755
0.88076905951386
0.90376050506825
0.88668478086213
0.87702885770562
0.87509348317323
0.89163125788346
0.88268335634172
0.89026247093606
0.88170690350349
0.88690240562765
0.86599339708302
0.79913485573015
0.79505532786635
0.79573719257613
0.8822423674003
0.77790451079341
0.88217347263375
0.9025260782227
0.88936145959565
0.76545380051543
0.87958614362589
0.79008964175908
0.88691998141569
0.88207449124013
0.87622985937149
0.95646957936021
0.87890623721923
0.93814899168864
0.88439282145669
0.93087006408179
0.87958825710503
0.91568856369164
0.88603169153526
0.91201454874676
0.88455376866341
0.89405075909937
0.89235819649093
0.89148152023071
0.88784303637042
0.90777358855883
0.8844120059937
0.90266292909437
0.88624524337845
0.89736690795252
0.88348686451556
0.8883174401858
0.89674234046363
0.89813505720956
0.87103168955896
0.89824569846183
0.87013152917965
0.87939384629401
0.88772901011866
0.89501966781698
0.88490695465752
0.88918648197438
0.88676179533566
0.92461641585677
0.90218772401717
0.90957840106024
0.92240193961657
0.91912685182365
0.89600306867866
0.89379766701329
0.90829187000855
0.88549323406523
0.90836966639616
0.89275145784677
0.91251824414659
0.88015636589948
0.89146024745301
0.88535351587969
0.90727194222749
0.89389464061733
0.95997680658425
0.89077136621421
0.90737160892403
0.88865432135069
0.86907894717718
0.88054657020088
0.87301962936693
0.93211976556989
0.88540196082775
0.90015252901489
0.8812722301934
0.88602016889539
0.89293504042819
0.89184024404332
0.89662939093216
0.89168957941916
0.89900957302032
0.87999422537864
0.91265767626086
0.89307892023983
0.90032597315028
0.88740889242113
0.89856276566544
0.88487152019927
0.88392127607191
0.88847937765323
0.88506380577406
0.89028471990261
0.88019770539522
0.91691610158753
0.90400119012952
0.88027681275266
0.91483935984762
0.87612500978279
0.90771726747726
0.88054884752826
0.92082901686407
0.89216469788204
0.84105485742109
0.93533994284578
0.88122608434036
0.92103339371994
0.92337850369849
0.88147554124974
0.88403421987383
0.92105394225831
0.88507901901659
0.87181762878196
0.89789283699547
0.8994026339915
0.9020895432432
0.90337085959739
0.88113406729393
0.88931780714203
0.88096286004845
0.9201285954366
0.88517308739945
0.8286789028314
0.88301227772491
0.82978137852233
0.88179631875135
0.88397181378381
0.8954970253385
0.8912688045254
0.89564182429277
0.88612136883956
0.89450335622317
0.88949284168973
0.89552850624096
0.89075296216884
0.87945090706617
0.90367263486878
0.8883693354056
0.88469294610838
0.89556662826114
0.88365978066966
0.87678998207909
0.87296460070681
0.85589237125385
0.88101000759619
0.89190898877016
0.87427908950527
0.88493818374206
0.87792692576903
0.86628219561794
0.88451589483545
0.88707141037656
0.88136386338334
0.8785676050592
0.87358060600602
0.91501199564192
0.88117515924925
0.87624075072687
0.88544667875558
0.89051918358491
0.93450701248993
0.8925240224011
0.89677754871312
0.8986701693364
0.88606419938624
0.88721667262607
0.87114941522418
0.87080658323024
0.87567254084062
0.88358390430871
0.91103316502382
0.87890665538682
0.91387904283004
0.88398513175277
0.89474784346697
0.92030204315124
0.87964415514067
0.73288407598587
0.88423240079762
0.80955137453531
0.88700703182881
0.8924361685448
0.76374005938232
0.87628441446612
0.90636797893701
0.88372210360971
0.88017913361543
0.8925761347854
0.8853475552416
0.89267489710066
0.88711337392659
0.87933216993783
0.88146992584363
0.87277527283263
0.88101220090276
0.86902143465798
0.88494109323184
0.86897029639311
0.8557775703643
0.85997326246508
0.89900548135979
0.86803120342808
0.876224777466
0.89945441181984
0.87029693360606
0.87843646143571
0.88130281196826
0.85938112644712
0.88380738057751
0.87797043095986
0.88142805122695
0.87039872707873
0.85712487219171
0.89326630547262
0.87968550272839
0.9120424916637
0.87646376116304
0.87104496942623
0.88096155082414
0.83332469214313
0.87877885852771
0.86876461844326
0.89473131509317
0.8860593635497
0.88107768570511
0.89201006130242
0.86280356336811
0.87192730397284
0.88468466324118
0.8900191311319
0.90288379078713
0.88227027918212
0.8820793560367
0.88853622598419
0.88047603719937
0.89397380100172
0.87891930989103
0.88331497214815
0.88682225383853
0.870505792141
0.89218190686825
0.88016927888722
0.88362833437833
0.8844038964915
0.88944184733934
0.89342377718502
0.89345397693837
0.87813610490177
0.88227910114466
0.88570103868535
0.88837611727004
0.88217581303844
0.87625924472982
0.87324599449489
0.87551180025041
0.86547239708369
0.89429637848868
0.88505087329455
0.87337840243856
0.8838946754075
0.89586403430276
0.88427272298119
0.8656765599444
0.85867804960555
0.86283378209186
0.8814223722526
0.85253483994321
0.88700591689088
0.86135233551844
0.8888669720876
0.90252497384564
0.87920832935751
0.88774795846244
0.88161117246946
0.85615110243235
0.89008534863273
0.87096218520311
0.89588580488213
0.86480254872152
0.89677432127944
0.87501882141436
0.88194755560005
