0.99927091319344
0.99927096850925
0.99927111245412
0.99927166712922
0.99927182308412
0.99927197160793
0.99927265776133
0.99927348981579
0.99927401131582
0.99927427875413
0.99927295255982
0.9992744121337
0.99927445146245
0.99927604227859
0.99927589840702
0.9992764835034
0.9992740852962
0.99927715761914
0.99927740872891
0.99927897037515
0.99927748896537
0.99927892933999
0.99927600907431
0.99927902336017
0.99927792029607
0.99927774222821
0.9992776505516
0.9992809713211
0.9992776319818
0.99927776984505
0.99927928287248
0.99927935665865
0.99927777711546
0.99928271607089
0.99928051623297
0.99928708523471
0.99928487901157
0.99928766406636
0.99928894091875
0.99929575301367
0.99928912206998
0.99929570414704
0.99929607463749
0.99929850707452
0.99929748748529
0.9993031062762
0.99929846195161
0.99930321443238
0.99930014453756
0.99930444554243
0.99930007320272
0.99930674905648
0.99929741022577
0.99930553959402
0.99930253510327
0.99930662376583
0.99930080119126
0.9993068428892
0.9993072179196
0.99931247651259
0.99930995434138
0.99931024420479
0.99930696480651
0.99931583399115
0.99930457784315
0.99931402906117
0.99931790313211
0.99932346043096
0.99931587776122
0.99932640739604
0.99932441326949
0.99933395279272
0.99933352879829
0.9993303069865
0.99932240800809
0.99932898231583
0.99931566135073
0.99932418921309
0.99932508895572
0.9993307792972
0.99932341095611
0.99932886914927
0.99932664244843
0.99932862191787
0.99932395591382
0.99933187284185
0.9993234364798
0.99933448836756
0.99932436416005
0.99933519087511
0.99932790345738
0.99933863937839
0.99933006350738
0.99933902806881
0.99933064765693
0.99933100223571
0.99932498258762
0.9993239902331
0.99931816208542
0.99932338323727
0.99931752722588
0.99932849934384
0.99932772552157
0.99933958822659
0.99933031648143
0.99933061172277
0.99933056707919
0.99933958998292
0.99933152642445
0.99933739962898
0.99932826531755
0.99933505034839
0.99932826753244
0.99933199916132
0.99932780059129
0.99933978488756
0.99932800231883
0.99933780268203
0.99932897109603
0.99932739377095
0.99932169978933
0.99932441665823
0.99931721581581
0.9993257280766
0.99931799960251
0.99932510763157
0.99931247453626
0.9993224422263
0.99931233644629
0.9993118256205
0.99929483436902
0.9993030052934
0.99928800703247
0.99929902570121
0.99929529828921
0.99930451282139
0.99929673514182
0.99931107905238
0.99930629015939
0.99932816065924
0.99931524750342
0.99932681583527
0.99931227176251
0.99932918545089
0.99931375675437
0.99932362450383
0.99931735974957
0.99933641200138
0.99932277511756
0.99933502602838
0.99932982997608
0.99934033698006
0.99933390201084
0.99934315573483
0.99933378273792
0.99934969788644
0.99933854364125
0.99934835545685
0.99934515389105
0.99935678400272
0.99934226963986
0.99935730142259
0.99935135309961
0.99935784480135
0.99934583643657
0.99935718223435
0.99934372492552
0.99935486217574
0.99934034607694
0.99934547923267
0.99933377727597
0.99934518131375
0.99932433681148
0.99933659645232
0.9993298449202
0.99934362456614
0.99933240917917
0.9993429990772
0.99933503401698
0.99935346153825
0.99934328636825
0.99935168766362
0.99933682415427
0.99935674961378
0.99933686049729
0.99934809856462
0.99933557585312
0.99935301182001
0.99933784533253
0.99935103405997
0.99934018649807
0.99935571919606
0.99935046156219
0.99935561828871
0.99934617808684
0.99936029002891
0.99934618057652
0.99935343220665
0.99934640707551
0.99935415658298
0.99934636963832
0.99935628067426
0.9993483846794
0.99935578518408
0.99935113053365
0.99936047227537
0.99935307400028
0.99935583607736
0.99934612632147
0.99934924326514
0.99934242975497
0.99934068644302
0.99933053057928
0.99933531180477
0.99932862492639
0.99932960042344
0.99932028137134
0.99932143402525
0.9993098610939
0.99930835453071
0.9992996683715
0.99929850838251
0.99928192591521
0.99928975303051
0.99927847235521
0.99927419107943
0.99927563751228
0.99928935267004
0.99927879268178
0.99929147516381
0.99928823523843
0.99930204260669
0.99929553336221
0.9993028305593
0.99928872660155
0.99930747629853
0.9992845454919
0.99931457504064
0.99930126804138
0.99931584189823
0.99930038254795
0.99930940245154
0.99929159064123
0.9993100049629
0.99929854381934
0.99929715890122
0.99929429744479
0.99931015148848
0.99929823892699
0.99930808385954
0.99931135057641
0.99933705082822
0.9993272079172
0.99935740174795
0.99935550467079
0.9993658410744
0.99935989470119
0.99937311601258
0.99935773361391
0.9993714295745
0.99935656744928
0.99935375360031
0.99934237599758
0.99934447832439
0.99933156325334
0.99933573175287
0.99933418758056
0.9993406425313
0.9993363999358
0.99934448918716
0.99934170064034
0.99934625129284
0.99934334393508
0.9993520843456
0.99934240592649
0.99934903294992
0.99933893265522
0.99933664921105
0.99932673179443
0.99933585807168
0.99932204984076
0.99932999411576
0.99931719333398
0.99931954176104
0.999310689178
0.99931321898169
0.99930806279657
0.99931299990127
0.99930553235953
0.99932180414885
0.9993166260375
0.99932303847452
0.99931326970718
0.99932804310325
0.99931478378493
0.99932838171967
0.99931382151278
0.99931010250927
0.99930070403879
0.99930929513245
0.99929917210625
0.99929394460789
0.99929455567467
0.99930731534211
0.99930077769896
0.99931384733406
0.99931269684723
0.99932496563692
0.99931777886089
0.99932621033289
0.99931216112668
0.99932543028654
0.99931218178376
0.99931175253706
0.99929205172766
0.99930113433716
0.99928611770501
0.99929443107603
0.99929001615847
0.99929832931366
0.99928856140757
0.99930750306085
0.99930716863556
0.99930287866678
0.99930345848632
0.99930712539694
0.9992958529462
0.9993089213552
0.99930104569544
0.99930548734928
0.99929795735194
0.99930571055173
0.9992935148368
0.9992978688191
0.99928858894702
0.99929446892119
0.999288665487
0.99928513580441
0.99927623296972
0.99928341011466
0.99928012929812
0.99928849660105
0.99928646033594
0.99929093199198
0.99928718968032
0.9992913100489
0.99928292784287
0.99929301390791
0.99928712523701
0.99929062716585
0.99928197484476
0.99928359601105
0.99927810429969
0.99927401762631
0.99926104375007
0.99926345931247
0.99925519001221
0.99925419393263
0.99925399868593
0.99926064126662
0.99925921391591
0.99926389035413
0.99926147142689
0.99927247196412
0.99926782428543
0.99926987264543
0.99926162264905
0.99926800045003
0.99926067973691
0.9992676790459
0.99926179256391
0.99926707770805
0.99926040445998
0.99926773615225
0.99926364134613
0.99926807561474
0.9992624298081
0.99926449891185
0.99926080469584
0.99926816336048
0.99926449157164
0.99926470371711
0.99926305233928
0.99926832022021
0.99926769820606
0.99927147133758
0.99926927737051
0.99927283917149
0.99926983240914
0.99927275832452
0.99927088852283
0.99927237572834
0.99927064335898
0.99927338331928
0.99927170544954
0.99927277300697
0.9992714963082
0.99927167785677
0.99927141109099
0.99927154520375
0.99927127918916
