0.93531618329047
0.93532621857883
0.93526636384608
0.93536844853822
0.93491281308772
0.93490764597934
0.93463855446401
0.93473381199875
0.93405695590841
0.93389097387805
0.93332625394776
0.93348899192723
0.93266147764754
0.93287402993238
0.93215503551561
0.93247387534842
0.9318629699519
0.93235976665643
0.93109555553774
0.93165099767675
0.93089840175761
0.93074444886723
0.92965856198212
0.93000325229072
0.92877097521102
0.92941513588836
0.92892431979686
0.92924193303206
0.92764788997968
0.92784249601324
0.92637252203263
0.9266918019326
0.92608022715363
0.92646586574297
0.92549862233013
0.92607683210729
0.92583002294545
0.92673995639941
0.92523562685015
0.92621056525047
0.92515618653165
0.92638228264821
0.92602617170347
0.92616076668841
0.92659612809527
0.92826974319547
0.92795610002684
0.92942951404866
0.92963308412745
0.93058364462782
0.93151145966999
0.93206044090454
0.93345819903781
0.93397552844792
0.93518676085064
0.93553808817106
0.93673544685754
0.937387880888
0.93875763094589
0.93836857742737
0.93967927530158
0.93880814846378
0.94002772940874
0.93947985999509
0.94078355273514
0.94006722264078
0.94144426236522
0.94185732815606
0.94212325458437
0.94148985321657
0.94267444984873
0.94299645026996
0.94409793308224
0.94311287264551
0.94486195707285
0.94452406602933
0.9457311485043
0.94565122565743
0.9467624981186
0.94606467107422
0.9465809937591
0.94494643889649
0.94654193912073
0.94551904057881
0.946678454231
0.94533645487508
0.94635332680865
0.94521519449625
0.94593423361281
0.94552420146417
0.94596125740069
0.9448484478003
0.94611190018618
0.94478075707438
0.94584502675208
0.94420259802728
0.94554197804833
0.94536436782631
0.94578858838176
0.94533507560083
0.94592277043257
0.94525530993182
0.94663986759196
0.94635550249933
0.94813386495301
0.94794733737136
0.94892581284505
0.94783085530842
0.94896520189816
0.94871544652035
0.94994273741646
0.94931098391507
0.95072496749066
0.94968888112635
0.95138989823697
0.94981466091287
0.95082573387427
0.9498683829008
0.95070625230874
0.94966876688011
0.95093911145473
0.94944810182011
0.95095061507626
0.94959191795608
0.95078116252041
0.9502980367977
0.95121901609736
0.95006735173608
0.95106839982948
0.94975071706605
0.95065598558542
0.95005184402838
0.95145347163052
0.95068741422109
0.95159086566312
0.95037929879906
0.9507371796677
0.9497803871562
0.95077630821742
0.9493348853852
0.95068884974679
0.94923511411928
0.95018329113144
0.94853794533132
0.94940191432505
0.94858356220661
0.94866453546077
0.94758239656539
0.94854880110628
0.94792343742762
0.94823617147991
0.94630431566806
0.94711356149137
0.94654871242508
0.9469353057671
0.9454613685323
0.94634022894382
0.94669736454204
0.9467014531705
0.94630632859595
0.94634023282945
0.94631066315408
0.94707082189402
0.94592524817713
0.94727298841736
0.94723644826494
0.94721770807851
0.94622182018521
0.94704008962259
0.94599011589036
0.94658764128737
0.94522643999103
0.94622228031205
0.94586114333308
0.9462271233978
0.94601398301067
0.94782718580678
0.94830983913547
0.94793601968983
0.94807398966333
0.94892373734852
0.94815670547398
0.94996680862671
0.9488600820422
0.95106622774625
0.95072223215452
0.9524602458656
0.95175503515788
0.95248453449979
0.95159793848809
0.9537425640385
0.95152685288873
0.95409797356729
0.95217140016477
0.95318578199139
0.95113612414303
0.95197845416186
0.94997790044452
0.95091887177829
0.94996705750069
0.95068446457641
0.94971282113333
0.94997668609425
0.94961096005392
0.94902950754666
0.94880232312847
0.94852298324708
0.94846551435656
0.94865991592946
0.9471878226673
0.94762018899679
0.9464677601133
0.94714533417417
0.94638688764869
0.94699688485421
0.94520984125031
0.94541366960298
0.94494332390029
0.94441475523813
0.94275525520739
0.94321977225066
0.94222554501656
0.94086632775507
0.93903997699457
0.9380361681276
0.93773075634963
0.93621709383616
0.9351684253745
0.93486581252281
0.935503745479
0.93502169323286
0.93545844764234
0.93520041399161
0.93651849170528
0.93544263931413
0.93630126326414
0.93654626016468
0.93724703304882
0.93697514252488
0.93703870850277
0.93685916947547
0.93719081721367
0.93665902166996
0.93639743753257
0.93634512349494
0.93627796553994
0.93605567046842
0.93588030923448
0.93575983868209
0.93576910009177
0.9355034750401
0.93549558389327
0.93547526527757
