0.93299791319201
0.92862140085388
0.93852979401043
0.90571728708289
0.93435778329134
0.9230646201736
0.9349674434192
0.9505177588861
0.94073150820343
0.9358560380802
0.93034620508206
0.93758105051596
0.98019385460549
0.93195208798744
0.93406038189365
0.93389362412094
0.94266847340021
0.9353651672241
0.9521811595968
0.93662406457676
0.8439643397873
0.94580640222637
0.95299117442669
0.94403535292422
0.93551777396389
0.94213300441569
0.9462151711591
0.97860304284814
0.94023875798609
0.94255830827596
0.94129167634437
0.92320865018702
0.93262925030851
0.92680369050202
0.93924414254725
0.92823040350983
0.92515988091696
0.9362809446148
0.93309609039884
0.93145399856442
0.93327533853212
0.93835841442791
0.93269170876118
0.89435582297632
0.93695842908311
0.93192357179443
0.93834966531561
0.9311628137103
0.89687746656261
0.92548838901619
0.88813550182124
0.9376217212328
0.88838160721477
0.93731062932457
0.93438723158473
0.94105121126933
0.94448061422033
0.94082848803489
0.95327258489703
0.91870464985082
0.95298182565556
0.94459458883645
0.95548129261478
0.93748635355063
0.94619041400157
0.93014640061646
0.94133444761666
0.93110224921319
0.92911039311022
0.93677304894012
0.92249096288097
0.93440955956228
0.93449384940676
0.93574867716992
0.93025410459255
0.88482376733079
0.93742798036727
0.93397646498139
0.9241030401224
0.94795827449043
0.93308993806376
0.94238220442964
0.9470116272752
0.94533249676874
0.92891095663651
0.92726645043293
0.95011441200162
0.93139655549835
0.94985030819334
0.94702001865623
0.93047740207493
0.93629671800688
0.94227651809977
0.94474118903227
0.94213775370392
0.93772115264248
0.93336173035827
0.95308484885983
0.94407153292187
0.95301065597125
0.93108670025483
0.93463878888984
0.94144067536081
0.9519806513561
0.93403389510831
0.93836973050184
0.94133591753169
0.9519216524011
0.92767073306267
0.95499816618595
0.93139620872072
0.94617015657919
0.94712738623329
0.94840776476581
0.95438520043762
0.94851456931191
0.94203190816499
0.88218724129495
0.88135984726461
0.95000809814611
0.95759797402076
0.93366650821002
0.95230678505336
0.94874391135961
0.94730648664589
0.94914070675634
0.93733467597963
0.93692408397962
0.93473425318485
0.93094423838669
0.9786145515745
0.93423692903986
0.96087135762694
0.93908727383936
0.93881635604789
0.95650887671667
0.96044448206649
0.93660970024889
0.92613988757097
0.94528631369921
0.95916169861159
0.93579961838724
0.93543936057554
0.93077971915558
0.93470875190112
0.95422455131826
0.94286528459514
0.94042735770706
0.93743650516659
0.93143024531948
0.93549433869297
0.94034342206891
0.93762802958704
0.92771702248194
0.93258554670659
0.94740412098968
0.93442740117358
0.92729115071383
0.9589925864772
0.94051428609228
0.94609852406867
0.93549742003418
0.96310836345995
0.92871079628625
0.94376486448455
0.94082042910489
0.94044346521317
0.95230621584963
0.94334897421109
0.92807999419593
0.93467719271815
0.93877548409564
0.94003912680619
0.9513144020367
0.95000053078256
0.94355309987468
0.9481822930654
0.94061057244623
0.93793973364455
0.95793300607245
0.94357798517883
0.95153672757784
0.95443007902443
0.93446514898852
0.95169944679334
0.93441795815389
0.82901871803242
0.93281920388575
0.94113824986481
0.93282500311078
0.94144416334212
0.94088036272648
0.84816898947399
0.94574285874061
0.94952067751616
0.9297859045548
0.94138905692484
0.92894880157383
0.95239199458625
0.93659379085246
0.84775454432715
0.9440968544248
0.95226194878008
0.951889267214
0.94305426549345
0.9394754779552
0.95140010822321
0.94688182464504
0.94612369887164
0.94034750065866
0.9317343293604
0.92877498947301
0.91062664480586
0.94574905334711
0.9243513431959
0.93654940952684
0.80621007798232
0.79883408339967
0.93353977812235
0.93565726498847
0.93502142298948
0.88341252852177
0.93501594007469
0.9318726044294
0.93624635219847
0.93535315977671
0.96055797711345
0.93712027085229
0.95827099500029
0.93409423131708
0.94901752581152
0.93798753889327
0.94206241985488
0.93150664809458
0.93796424598433
0.93480368244638
0.94676319939246
0.92142683478954
0.92978577938927
0.93320586330822
0.94871837056896
0.94662972970488
0.9333439016604
0.9335082082937
0.93917529779152
0.94100827277217
0.92732617293207
0.92882776989033
0.93444398445634
0.92996444259492
0.93710348894321
0.93605243737851
0.93223133277241
0.94099002847764
0.88526826112766
0.93469685599785
0.93216611934767
0.93286373808399
0.94221105823585
0.93600559662303
0.91954105255216
0.94200715892553
0.93107869233961
0.94431685719152
0.93664958563965
0.93166320084125
0.93941812037863
0.92714914450379
0.93784816709712
0.92316150576267
0.93510519761328
0.87691042488728
0.93922475781521
0.93416986913002
0.93996970875598
0.93265122716226
0.93674431855009
0.94108454935676
0.94598366515579
0.88213955728675
0.93829428288521
0.71676425887124
0.94237211589589
0.94018946694724
0.92558771984962
0.95861520861326
0.93299577436961
0.96524807782611
0.93524122754313
0.83590727812823
0.83520533048845
0.93553775990925
0.93395270493723
