0.99989318342732
0.9998930195586
0.9998929088438
0.99989280688154
0.99989481987645
0.99989532488649
0.99989229640556
0.99989364200322
0.99989818635596
0.99990052182628
0.99989835117747
0.99989853168619
0.999900015637
0.99990264838414
0.9999073610922
0.99990263069632
0.99990255844253
0.99990355595296
0.99990623258412
0.99990394153489
0.99990651370203
0.9999061781405
0.9999175866528
0.99990704476145
0.99991149200417
0.9998984119076
0.99989888219538
0.99989487984006
0.99989174531889
0.99988369319523
0.99989874609147
0.99987064317908
0.99986537244713
0.99989588652288
0.9999038324822
0.99989491778723
0.99989697066107
0.99991875391067
0.99992232778898
0.99993018779
0.99992690121394
0.99991614530607
0.99993401577935
0.99994649734949
0.99994444250512
0.99995718450046
0.99995874348865
0.99994427537483
0.99994931900639
0.99996491730744
0.99997474214628
0.99997578451711
0.99998480794978
0.99997220040087
0.99998049403681
0.99997217297455
0.99997711046067
0.99995304969469
0.99995628216324
0.99994204825743
0.99995496464492
0.99992556858097
0.99990549439569
0.99982665489235
0.99985879249721
0.99976197927981
0.99984836930761
0.99982173074521
0.99987242696117
0.99977678836763
0.99977736246346
0.99978955621786
0.99981658554882
0.99980479864882
0.99978402588952
0.99979351642192
0.99983240443223
0.99986937296533
0.99988404085261
0.99987109761635
0.99990657820468
0.99989800578217
0.99991853094078
0.99990921740505
0.99991866621211
0.99989528134544
0.99990833586603
0.99989092140265
0.99988865462803
0.99989336260551
0.99989881478973
0.99988684051079
0.99989531245189
0.99987570784615
0.99989122320235
0.99989251845918
0.99990144327114
0.99988816823897
0.99989857330248
0.99991305889539
0.99990963863829
0.99991821127087
0.99990860626782
0.99990649680803
0.99990219160796
0.99989589291616
0.99990579727694
0.99989123126117
0.999895286054
0.99989198322384
0.99989921424193
0.99989469976788
0.99988798127261
0.99987892173708
0.99987463137638
0.99988246089781
0.99987630106876
0.99988024102345
0.99987669623744
0.99988379275071
0.99987603592257
0.99989596500747
0.99989705349153
0.99990606750899
0.99990689529371
0.99990853049589
0.99991439023491
0.99991952560701
0.99992040465533
0.99991792988969
0.99991216296876
0.99991181750075
0.99990557879194
0.99990618420692
0.99990666760599
0.99989223763356
0.99989793158568
0.99988748466049
0.99989000538685
0.99988701863052
0.9998927531074
0.99987489867531
0.99987420980999
0.99987883179783
0.9998779715717
0.99987664848717
0.99986770393529
0.99986720523839
0.99986980252402
0.99987166757018
0.99986968903634
0.99987310262843
0.99988127083977
0.99987619751522
0.99988182329935
0.9998776168817
0.99987838205383
0.99988593055601
0.9998755969536
0.99988191359521
0.99987675957134
0.99988610814035
0.99988661393507
0.9998913534143
0.99989467281449
0.99989491473314
0.9998908067202
0.99989445830164
0.9998888776356
0.99989462845024
0.99989193086075
0.99989591064056
0.99989494796423
0.9998977567304
0.99989594163427
0.99989680856155
0.99989466208605
0.99988614492006
0.99989051047388
0.99988241230068
0.99988135000763
0.99987731243531
0.99987495575838
0.99987224082038
0.99987135369884
0.99988599221208
0.99987214793028
0.99987963342794
0.99987279761957
0.99987988136584
0.99986733295242
0.99987484835189
0.99986025035819
0.9998810524211
0.99988107103257
0.99988679415345
0.99988274234207
0.99989777345228
0.99990411509649
0.99990639604893
0.99990864245712
0.9999162415519
0.99992694509404
0.99992732677154
0.99993034499852
0.9999279112344
0.999934972778
0.99992279939689
0.99992031401325
0.99991787177778
0.9999190532936
0.99989317551749
0.99988780577309
0.99989592211767
0.99990174210623
0.99988172259888
0.99986823192318
0.99988329279301
0.99988988697113
0.9999039326173
0.99989338715693
0.99990447123483
0.99991592396945
0.99993277791488
0.99993282603144
0.99994490786537
0.99994886276336
0.99995312929958
0.99995482843885
0.99996060324297
0.99996775331025
0.99996496312572
0.99997124819046
0.99996149929278
0.9999659933905
0.99995539616578
0.99996122558472
0.99994142957426
0.99994353724814
0.99992324606469
0.99993549052563
0.99989457716535
0.999888740794
0.99986034350369
0.9998838724291
0.9998305631699
0.9998277798229
0.99982639523623
0.99983726241154
0.99982087036717
0.99981247089112
0.99982563708693
0.99983346857871
0.99985532407047
0.99985504370784
0.99986172130905
0.99986883608633
0.99988871253476
0.99989887535571
0.99989811189184
0.99990231360844
0.99991072244589
0.99990966021626
0.99991223721217
0.99991087459679
0.99991100338654
0.99990781951605
0.99990794676884
0.9999053304432
0.99989991787788
0.9998978774083
0.99989747019169
0.99989658594953
0.9998917179965
0.9998914705397
0.9998907471298
0.99989013548215
0.99989011726862
0.99989075322803
0.99989195163742
0.99989217675606
