0.82793246110801
0.82165035942333
0.80945676877845
0.80685653046521
0.82366356290544
0.84954482789725
0.86522222441943
0.8187265156125
0.81226922122605
0.79606272573292
0.82148215392081
0.81042590254477
0.81583291236053
0.81362544326431
0.82191608235335
0.82611838728371
0.82072480238715
0.80813583980823
0.83200190288511
0.81643544306644
0.8151845636286
0.82961708473801
0.79279182645693
0.82713408900692
0.80912696323455
0.80613762412534
0.80995822215448
0.82326816147857
0.8229791062251
0.8155456391772
0.79523334983619
0.80334117279049
0.82404513857963
0.81070992295142
0.77151596821529
0.78264954016095
0.81661727494347
0.8017211067845
0.7992328143483
0.81138640429706
0.76805465086011
0.81978488492793
0.79336202074446
0.7688056815688
0.77547330545554
0.82327518202793
0.82105984323586
0.81131455911627
0.82771823757365
0.81195393479196
0.82965786411272
0.81548634760336
0.82334207502195
0.82530526095538
0.82211910716346
0.82156587972625
0.82199672838294
0.8224221531341
0.81311247583068
0.81288476645224
0.81945618207974
0.82243841138911
0.82262868109228
0.79991984591794
0.82714995098463
0.83230382079989
0.82643049716531
0.8324873733046
0.82071467707369
0.80277298854311
0.80349386503359
0.81259152559999
0.81742172995552
0.83457197861972
0.83889661564158
0.79441564670334
0.81523855210972
0.81142670362221
0.80904254634047
0.83285969428405
0.79764915362713
0.82485304542422
0.81776586307987
0.80833850494426
0.81495247788485
0.80542215459706
0.82607447778372
0.82212832943537
0.8015422293975
0.8003757002197
0.83764448600089
0.81422675562509
0.81354157499313
0.8108133095394
0.82164635561643
0.83473542466802
0.81392702256557
0.8240285601957
0.8251737860567
0.82265661838063
0.79896239693465
0.79564313869812
0.8341783613826
0.80619198549939
0.81146176251334
0.82275109983379
0.82165133687493
0.84442888081581
0.83572565371405
0.80979322017067
0.8290197677926
0.82784880210385
0.84579648874389
0.82813567835993
0.83800491535469
0.83384226281289
0.85203313902161
0.81955070296305
0.83337006621537
0.81173337739402
0.80657506706018
0.85941052805297
0.8271443360258
0.83313540011413
0.81601402593292
0.81790864786671
0.84276494009932
0.83200613193313
0.82620450146331
0.80961516250329
0.79511797307074
0.80996900315586
0.80330900314494
0.8070411054393
0.79734674957718
0.81366209213342
0.7916162593054
0.81001316379392
0.81591121346064
0.83440994829678
0.81711428246614
0.81689290227427
0.81052493087524
0.82187989251898
0.80752345119946
0.81588388456749
0.82708923276764
0.81754663061516
0.80590169801782
0.81762839793746
0.80583044583516
0.82925230255479
0.81098883625486
0.83631464699618
0.81631363899873
0.80303042561191
0.81835527177176
0.82406450546856
0.79313553941484
0.80740890803611
0.80006091255671
0.82774989637248
0.80778151767338
0.83034609197072
0.84868141951852
0.80866351303634
0.79923887588169
0.81209041240593
0.8160096397356
0.8172682277974
0.8039707358314
0.80624185804457
0.83206471722125
0.81227862520934
0.82456812367618
0.83028361784905
0.81209960633141
0.81936790714245
0.80856151195552
0.78671585572379
0.81838719579153
0.82825513426609
0.80648818813664
0.82168253584088
0.8828975911193
0.8142431114755
0.8185585285107
0.86480700900501
0.82729063522606
0.87493577643113
0.88045907668357
0.82325184675092
0.82606324386693
0.85453492403163
0.80113275127405
0.81375651246982
0.81760919597855
0.86159691403804
0.80703924453423
0.78664020216624
0.8211366126378
0.81729936932454
0.81583296453644
0.80899304237489
0.82697934614429
0.87297023728532
0.83216597837358
0.83098745342277
0.80236562886695
0.83974661253625
0.84439478500889
0.87176283864903
0.80886397887395
0.89496748667398
0.81688247518342
0.90237340860107
0.82310666550516
0.79583973463361
0.80826612081059
0.80058866989168
0.8069898993326
0.80461870632988
0.83734534127025
0.8275359543329
0.80678277282884
0.79711990939077
0.81355408272611
0.67726952184482
0.80817554500598
0.67477990341813
0.82105325144885
0.78683770057396
0.79433483949418
0.81534777469396
0.82181864779317
0.80490521611886
0.82820760353851
0.8432895362683
0.82125975516189
0.85628935628145
0.86713521360515
0.77327617702522
0.81951297185473
0.81921923825887
0.9164306690693
0.82093622198085
0.91554343017469
0.80949186123608
0.89934160516933
0.80677195266943
0.86937714844299
0.82829890418722
0.85279947852899
